[OBJECTS]
# type	x	y	ani_set_id	extra_settings per object type
# type: 0 = SIMON , 1 = GROUND, 2 = CANDLE
# SIMON
0	32	300	0

# GROUND
1	0	368	1
1	32	368	1
1	64	368	1
1	96	368	1
1	128	368	1
1	160	368	1
1	192	368	1
1	224	368	1
1	256	368	1
1	288	368	1
1	320	368	1
1	352	368	1
1	384	368	1
1	416	368	1
1	448	368	1
1	480	368	1
1	512	368	1
1	544	368	1
1	576	368	1
1	608	368	1
1	640	368	1
1	672	368	1
1	704	368	1
1	736	368	1
1	768	368	1
1	800	368	1
1	832	368	1
1	864	368	1
1	896	368	1
1	928	368	1
1	960	368	1
1	992	368	1
1	1024	368	1
1	1056	368	1
1	1088	368	1
1	1120	368	1
1	1152	368	1
1	1184	368	1
1	1216	368	1
1	1248	368	1
1	1280	368	1
1	1312	368	1
1	1344	368	1
1	1376	368	1
1	1408	368	1
1	1440	368	1
1	1472	368	1
1	1504	368	1

# CANDLE
2	200	304	3	1
2	400	304	3	0
2	600	304	3	0
2	800	304	3	1
2	1000	304	3	1
2	1200	304	3	2

# --- SCENE PORTAL ----
# type	x	y	ani_set_id	r	b	scene_id	x	y
50	1376	300	0	32	64	2	32	366

[TILEMAP]
#tile id	file_texture	file_path	tile_width	tile_height
1	TileMap\\tilesets_scene1.png	TileMap\\tilemap_scene1.txt	4	17	10	48	32	32
	
